0 05 00006000
0 1f 80010000
0 01 0000000a
0 02 00000014
0 03 00000005
0 04 0000001e
0 05 00000019
0 03 40a00000
0 05 41c80000
0 06 42fa0000
0 06 42fa0000
1 80010000 0000000a
1 80010004 00000014
1 80010008 00000005
1 8001000c 0000001e
1 80010010 00000019
1 80010014 42fa0000
0 01 0000000b
0 02 00000016
0 03 00000006
0 01 0000000a
0 02 00000014
0 03 00000005
0 04 0000001e
0 05 00000019
0 06 00000000
0 07 0000001e
0 08 0000001e
0 09 00000028
0 0a 0000000a
0 0b 0000000c
0 0c 00000001
0 0d 00000000
0 01 41200000
0 02 41a00000
0 03 40a00000
0 04 41f00000
0 05 41700000
0 06 42960000
0 07 41c80000
0 11 41f00000
0 12 41700000
0 13 42960000
0 14 41c80000
1 80010000 0000001e
1 80010004 00000019
1 80010008 00000000
1 8001000c 0000001e
1 80010010 0000001e
1 80010014 00000028
1 80010018 0000000a
1 8001001c 0000000c
1 80010020 00000001
1 80010024 00000000
1 80010028 00000000
1 8001002c 00000000
1 80010030 00000000
1 80010034 41f00000
1 80010038 41700000
1 8001003c 42960000
0 15 0000001e
0 16 00000019
0 17 00000000
0 18 00000000
0 19 0000000a
0 18 00000001
0 18 00000002
0 18 00000003
0 18 00000004
0 18 00000005
0 18 00000006
0 18 00000007
0 18 00000008
0 18 00000009
0 18 0000000a
0 1a 000000de
0 01 00000005
0 02 00000006
0 03 00000007
0 04 00000008
0 05 00000009
0 06 0000000a
1 80010000 0000000a
0 07 00000014
0 08 00000028
0 09 00000014
0 0a 0000003c
1 80010004 0000003c
0 0b 0000000a
0 0c 00000014
1 80010008 00000014
0 0d 00000001
1 8001000c 00000001
0 0e fffffff0
0 0f fffffffc
1 80010010 fffffffc
0 10 ffffffff
0 11 00000001
0 12 00000001
1 80010014 00000001
0 13 00000005
0 14 00000005
0 15 00000000
0 16 000000de
1 80010018 000000de
0 17 0000014d
1 8001001c 0000014d
0 01 40a00000
0 02 40c00000
0 03 41300000
0 04 425c0000
0 1a 425c0000
1 80010020 425c0000
0 01 00000000
0 02 00000000
0 03 00000000
0 04 00000000
1 80010000 00000000
1 80010004 00000000
1 80010008 00000000
1 8001000c 00000000
0 01 00000011
1 80010000 11
0 02 00000022
1 80010001 22
0 03 00000033
1 80010002 33
0 04 00000044
1 80010003 44
0 05 44332211
0 06 aabbc000
0 06 aabbc0cd
1 80010004 c0cd
0 07 ffffc0cd
0 08 0000c0cd
0 09 00000012
0 09 00001200
0 09 00001234
1 80010006 1234
0 0a 1234c0cd
0 0b ffffffff
1 80010008 ff
0 0c ffffffff
0 0d 000000ff
0 0e fffffff0
1 8001000a fff0
0 0f fffffff0
0 10 0000fff0
0 11 00000022
0 12 00000044
0 13 fffffff0
0 14 fffffff1
0 15 44332211
0 16 1234c0cd
0 17 fff000ff
1 80010010 44332211
1 80010014 ffffc0cd
1 80010018 0000c0cd
1 8001001c 1234c0cd
1 80010020 ffffffff
1 80010024 000000ff
1 80010028 fffffff0
1 8001002c 0000fff0
1 80010030 00000044
1 80010034 fffffff1
1 80010038 44332211
1 8001003c 1234c0cd
0 1f 80010000
0 01 ffffffff
1 80010000 ff
0 02 ffffffff
0 03 000000ff
0 04 00001000
0 04 00001234
1 80010004 1234
0 05 00001234
0 06 00001234
0 07 fffffff0
1 80010008 fff0
0 08 fffffff0
0 09 0000fff0
0 0a 12345000
0 0a 12345678
1 8001000c 12345678
0 0b 00000078
0 0c 00000056
0 0d 00000034
0 0e 00000012
0 0f 00000063
1 8001000d 63
0 10 12346378
0 11 00000063
0 12 000000c6
0 13 00000309
1 8001000e 0309
0 14 03096378
1 80010020 ffffffff
1 80010024 000000ff
1 80010028 00001234
1 8001002c 00001234
1 80010030 fffffff0
1 80010034 0000fff0
1 80010038 00000078
1 8001003c 00000056
0 01 0000000a
0 01 0000000f
0 01 0000001e
0 09 0000001e
0 08 80010000
1 80010004 0000001e
0 08 0000001e
0 0a 00000000
1 80010000 0000001e
1 80010004 0000001e
1 80010008 00000000
0 01 00000001
0 01 00000003
0 02 00000006
0 03 00000005
0 03 00000009
0 03 0000000e
0 04 fffffff8
1 80010000 00000003
1 80010004 00000006
1 80010008 0000000e
1 8001000c fffffff8
0 01 00000001
0 02 00000002
0 03 00000001
0 03 00000002
0 04 00000000
1 80010000 00000000
0 01 00000000
0 05 00000005
0 01 00000001
0 01 00000002
0 01 00000003
0 01 00000004
0 01 00000005
1 80010000 00000005
0 09 ffffffe1
0 08 ffffffff
0 0a 80010000
0 0a 80010008
1 80010008 ffffffff
0 0b ffffffff
0 0a 80010000
0 0b 00000000
0 01 00000005
0 02 00000006
0 03 00000007
0 04 00000008
0 05 00000009
0 06 0000000a
1 80010000 0000000a
0 07 00000014
0 08 00000028
0 09 00000014
0 0a 0000003c
1 80010004 0000003c
0 0b 0000000a
0 0c 00000014
1 80010008 00000014
0 0d 00000001
1 8001000c 00000001
0 0e fffffff0
0 0f fffffffc
1 80010010 fffffffc
0 10 ffffffff
0 11 00000001
0 12 00000001
1 80010014 00000001
0 13 00000005
0 14 00000005
0 15 00000000
0 16 000000de
1 80010018 000000de
0 17 0000014d
1 8001001c 0000014d
0 01 40a00000
0 02 40c00000
0 03 41300000
0 04 425c0000
0 1a 425c0000
1 80010020 425c0000
0 01 00000005
0 02 00000006
0 03 00000007
0 04 00000008
0 05 00000009
0 06 0000000a
1 80010000 0000000a
0 07 00000014
0 08 00000028
0 09 00000014
0 0a 0000003c
1 80010004 0000003c
0 0b 0000000a
0 0c 00000014
1 80010008 00000014
0 0d 00000001
1 8001000c 00000001
0 0e fffffff0
0 0f fffffffc
1 80010010 fffffffc
0 10 ffffffff
0 11 00000001
0 12 00000001
1 80010014 00000001
0 13 00000005
0 14 00000005
0 15 00000000
0 16 000000de
1 80010018 000000de
0 17 0000014d
1 8001001c 0000014d
0 01 40a00000
0 02 40c00000
0 03 41300000
0 04 425c0000
0 1a 425c0000
1 80010020 425c0000
0 01 00000005
0 02 0000000a
0 03 00000005
0 04 00000001
0 05 00000001
0 06 00000001
0 07 800004ac
0 09 0000002a
0 08 0000007b
